======================================================================
  CSV ANALYSIS REPORT
  Generated : 2026-08-25 20:51:01
======================================================================

Rows: 200   Columns: 12

DESCRIPTIVE STATISTICS
       sale_id  quantity  unit_price  discount   revenue  net_price  sale_month  sale_quarter
count   200.00    200.00      200.00    200.00    200.00     200.00      195.00        195.00
mean    100.48     25.78      238.82      0.20   6166.91     192.83        6.79          2.57
std      57.88     14.96      143.20      0.10   5454.83     120.55        3.39          1.10
min       1.00      1.00        5.84      0.00     17.52       4.09        1.00          1.00
25%      50.75     13.00      117.28      0.12   1370.45      89.86        4.00          2.00
50%     100.00     27.00      232.54      0.19   4513.80     176.01        7.00          3.00
75%     150.25     39.25      362.42      0.27  10149.22     290.92       10.00          4.00
max     200.00     50.00      499.07      0.40  21804.00     451.89       12.00          4.00

CORRELATION MATRIX
              sale_id  quantity  unit_price  discount  revenue  net_price  sale_month  sale_quarter
sale_id         1.000     0.100      -0.080     0.031   -0.052     -0.092       0.095         0.081
quantity        0.100     1.000       0.004     0.015    0.610     -0.002      -0.073        -0.056
unit_price     -0.080     0.004       1.000    -0.056    0.701      0.975       0.089         0.081
discount        0.031     0.015      -0.056     1.000   -0.018     -0.243       0.006        -0.002
revenue        -0.052     0.610       0.701    -0.018    1.000      0.676      -0.009        -0.010
net_price      -0.092    -0.002       0.975    -0.243    0.676      1.000       0.091         0.087
sale_month      0.095    -0.073       0.089     0.006   -0.009      0.091       1.000         0.971
sale_quarter    0.081    -0.056       0.081    -0.002   -0.010      0.087       0.971         1.000